1	
-----------------------------------
4	2 2 	(2 2 x)(4 x x)
-----------------------------------
8	2 2 2 	(2 2 2)(4 2 x)
12	2 2 3 	(2 2 3)(4 3 x)
16	2 2 4 	(2 2 4)(4 4 x)
20	2 2 5 	(2 2 5)(4 5 x)
-----------------------------------
2	2 		(2 x x)
3	3 		(3 x x)
5	5 		(5 x x)
-----------------------------------
6	2 3 	(2 3 x)
9	3 3 	(3 3 x)
10	2 5 	(2 5 x)
15	3 5 	(3 5 x)
25	5 5 	(5 5 x)
-----------------------------------
18	2 3 3 
24	2 4 3 
27	3 3 3 
30	2 3 5 
32	2 4 4  
36	4 3 3 
40	2 4 5 
45	3 3 5 
48	4 4 3 
50	2 5 5 
60	4 3 5 
64	4 4 4
75	3 5 5 
80	4 4 5 
100	4 5 5 
125	5 5 5 
